%YAML:1.0
---
P0: !!opencv-matrix
   rows: 3
   cols: 4
   dt: d
   data: [ 1.4071030581737341e+03, 0., 9.6464705146844085e+02, 0., 0.,
       1.4103004488655147e+03, 5.4965615887916658e+02, 0., 0., 0., 1.,
       0. ]
P1: !!opencv-matrix
   rows: 3
   cols: 4
   dt: d
   data: [ 1.4057201280175375e+03, 0., 9.7297533642744793e+02,
       1.7286159877160915e+02, 0., 1.4096343950827527e+03,
       5.5423157044647405e+02, 4.1078470033654471e+00, 0., 0., 1.,
       1.7567302829839208e-03 ]
