{
 "cells": [
  {
   "cell_type": "code",
   "execution_count": 31,
   "id": "0ffb9b7b-f6ed-49ce-b5e0-5eb151682031",
   "metadata": {},
   "outputs": [],
   "source": [
    "%matplotlib tk"
   ]
  },
  {
   "cell_type": "code",
   "execution_count": 1,
   "id": "e58d2b5c-02a6-4333-99bc-c7945056c9c8",
   "metadata": {},
   "outputs": [],
   "source": [
    "import cv2\n",
    "import numpy as np\n",
    "import pandas as pd\n",
    "from matplotlib import pyplot as plt\n",
    "from tqdm import tqdm\n",
    "import os\n",
    "import datetime"
   ]
  },
  {
   "cell_type": "code",
   "execution_count": 33,
   "id": "0d08d41b-d634-4aa8-9234-b33ae0abe50a",
   "metadata": {},
   "outputs": [],
   "source": [
    "class Dataset_Handler:\n",
    "    def __init__(self,calib_path, images_path,gtPoses_path):\n",
    "        self.getCalibParams(calib_path)\n",
    "        self.getImages(images_path)\n",
    "        self.getPoses(gtPoses_path)\n",
    "        self.num_frames= len(self.left_images)\n",
    "    \n",
    "    def getCalibParams(self,filepath):\n",
    "        df=pd.read_csv(\"KITTI_dataset/sequences/00/calib.txt\", delimiter =\" \", header= None, index_col=0)\n",
    "        df.index=df.index.str.replace(\":\", \"\")\n",
    "        self.P0= df.loc[\"P0\"].to_numpy().reshape(3,4)\n",
    "        self.P1= df.loc[\"P1\"].to_numpy().reshape(3,4)\n",
    "        self.P2= df.loc[\"P2\"].to_numpy().reshape(3,4) #rgb camera\n",
    "        self.P3= df.loc[\"P3\"].to_numpy().reshape(3,4) #rgb camera\n",
    "        \"\"\"\n",
    "        DEBUGGING\n",
    "        \n",
    "        print(f\"P0: \\n {self.P0}\\n\")\n",
    "        print(f\"P1 \\n{self.P1}\\n\")\n",
    "        print(f\"P2: \\n{self.P2}\\n\")\n",
    "        print(f\"P3: \\n{self.P3}\\n\")\n",
    "        \"\"\"\n",
    "\n",
    "    def getImages(self, filepath):\n",
    "        self.left_images=[]\n",
    "        self.right_images=[]\n",
    "        image_files= [f for f in os.listdir(filepath+\"image_0/\")]\n",
    "        \"\"\"   \n",
    "        self.first_left_img=cv2.imread(filepath+\"image_0/\"+image_files[0], cv2.IMREAD_GRAYSCALE)\n",
    "        self.first_right_img=cv2.imread(filepath+\"image_1/\"+image_files[0], cv2.IMREAD_GRAYSCALE)\n",
    "        self.second_left_img= cv2.imread(filepath+\"image_0/\"+image_files[1], cv2.IMREAD_GRAYSCALE)\n",
    "        \"\"\"\n",
    "\n",
    "        for i, image_name in enumerate(tqdm(image_files, desc=\"Loading images, just a moment...\")):\n",
    "            self.left_images.append(cv2.imread(filepath+\"image_0/\"+image_name, cv2.IMREAD_GRAYSCALE))\n",
    "            self.right_images.append(cv2.imread(filepath+\"image_1/\"+image_name, cv2.IMREAD_GRAYSCALE))   \n",
    "    \n",
    "    def getPoses(self, filepath):\n",
    "        df=pd.read_csv(filepath, delimiter=\" \", header=None)\n",
    "        self.poses=[]\n",
    "        for i in range(df.shape[0]):\n",
    "            arr=np.ascontiguousarray(df.loc[i].to_numpy())\n",
    "            arr.resize(3,4)\n",
    "            self.poses.append(arr)\n",
    "        self.poses= np.array(self.poses)\n",
    "    "
   ]
  },
  {
   "cell_type": "code",
   "execution_count": 3,
   "id": "0ad9650f-502f-4a5c-8559-76e1a90e14f5",
   "metadata": {},
   "outputs": [],
   "source": [
    "def compute_disparity_map(img_left,img_right,matcher_name=\"bm\", verbose=False):\n",
    "\n",
    "    sadwindow= 6\n",
    "    blockSize=11\n",
    "    numDisparities = sadwindow*16\n",
    "\n",
    "    if matcher_name == \"bm\":\n",
    "        matcher= cv2.StereoBM.create(numDisparities= numDisparities,\n",
    "                                    blockSize=blockSize)\n",
    "    elif matcher_name==\"sgbm\":\n",
    "        matcher= cv2.StereoSGBM.create(minDisparity=0,\n",
    "                                      numDisparities=numDisparities,\n",
    "                                      blockSize=blockSize,\n",
    "                                      P1=8*blockSize**2,\n",
    "                                      P2=32*blockSize**2,\n",
    "                                      mode= cv2.StereoSGBM_MODE_SGBM_3WAY)\n",
    "    else:\n",
    "        print(\"Not valid Matcher\")\n",
    "\n",
    "    #compute disparity map\n",
    "    if verbose:\n",
    "        import datetime\n",
    "        start=datetime.datetime.now()\n",
    "        disparity_map= matcher.compute(img_left,img_right).astype(np.float32)/16\n",
    "        end= datetime.datetime.now()\n",
    "        print(f\"Tempo impiegato da {matcher_name}:\\n{end-start}\")\n",
    "    else:\n",
    "        disparity_map= matcher.compute(img_left,img_right).astype(np.float32)/16\n",
    "        \n",
    "    return disparity_map\n",
    "    \n",
    "\n"
   ]
  },
  {
   "cell_type": "code",
   "execution_count": 4,
   "id": "b943fe40-e5a4-4251-bfb1-876f9b605700",
   "metadata": {},
   "outputs": [],
   "source": [
    "def decomposeProjectionMatrix(P):\n",
    "    k, r, t, _, _, _,_= cv2.decomposeProjectionMatrix(P)\n",
    "    t=(t/t[3])[:3]\n",
    "    return k,r,t"
   ]
  },
  {
   "cell_type": "code",
   "execution_count": 5,
   "id": "73133260-0b78-4314-9154-da2a56873185",
   "metadata": {},
   "outputs": [],
   "source": [
    "def compute_depth_map(disparity, k_left, t_left, t_right, rectified= True):\n",
    "    if rectified:\n",
    "        b= t_right[0].round(4)-t_left[2]\n",
    "    else:\n",
    "        b= t_left[0]-t_right[2].round(4)\n",
    "    f= k_left[0][0]\n",
    "    disparity[disparity==0]=0.1  # disparity 0, very far objects or matching errors\n",
    "    disparity[disparity==-1]=0.1 #no valid correspondences found\n",
    "    \n",
    "    depth_map= np.zeros(disparity.shape)\n",
    "    depth_map= b*f/disparity\n",
    "\n",
    "    return depth_map"
   ]
  },
  {
   "cell_type": "code",
   "execution_count": 6,
   "id": "2d43d060-d03f-41d2-8830-5d731608c114",
   "metadata": {},
   "outputs": [],
   "source": [
    "def stereo_to_depth(img_left,img_right,P0,P1,matcher=\"bm\", verbose=False, rectification=True):\n",
    "    #compute the disparity map\n",
    "    disparity= compute_disparity_map(img_left,img_right,verbose=True)\n",
    "\n",
    "    #compute k,r,t\n",
    "    k_left,r_left,t_left= decomposeProjectionMatrix(P0)\n",
    "    k_right,r_right,t_right= decomposeProjectionMatrix(P1)\n",
    "\n",
    "    #compute the depth map\n",
    "    depth= compute_depth_map(disparity, k_left, t_left, t_right, rectification)\n",
    "    \n",
    "    return depth\n",
    "    "
   ]
  },
  {
   "cell_type": "code",
   "execution_count": 7,
   "id": "2c442559-48a3-4058-b1fd-d6c1258903f5",
   "metadata": {},
   "outputs": [],
   "source": [
    "def extract_features(img1,detector_name= \"orb\", verbose=False):\n",
    "    \n",
    "    if detector_name== \"orb\":\n",
    "        detector= cv2.ORB.create()\n",
    "    elif detector_name==\"sift\":\n",
    "        detector= cv2.SIFT.create()\n",
    "    else:\n",
    "        print(\"Not valid detector\")\n",
    "        \n",
    "    start= datetime.datetime.now()\n",
    "    kp,des= detector.detectAndCompute(img1, mask=None)\n",
    "    end= datetime.datetime.now()    \n",
    "\n",
    "    if verbose:\n",
    "        print(f\"Time for extracting features with detector {detector}: {end-start}\\n\")\n",
    "    \n",
    "    return kp, des"
   ]
  },
  {
   "cell_type": "code",
   "execution_count": 8,
   "id": "3de9f2cf-f300-4e84-afef-5b7a4f9ff9ab",
   "metadata": {},
   "outputs": [],
   "source": [
    "def match_features(des1,des2, matcher=\"BF\", detector=\"orb\", verbose=False):\n",
    "    if matcher== \"BF\":\n",
    "        if detector == \"orb\":\n",
    "            bf = cv2.BFMatcher.create(cv2.NORM_HAMMING, crossCheck=False)\n",
    "        elif detector== \"sift\":\n",
    "            bf = cv2.BFMatcher.create(cv2.NORM_L2, crossCheck=False)\n",
    "        else:\n",
    "            print(\"Not valid detector\")\n",
    "    elif matcher==\"FLANN\":\n",
    "        #WIP\n",
    "        pass\n",
    "    else:\n",
    "        print(\"Not valid matcher\")\n",
    "    start= datetime.datetime.now()\n",
    "    matches= bf.knnMatch(des1,des2, k=2)\n",
    "    end= datetime.datetime.now()\n",
    "\n",
    "    if verbose:\n",
    "        print(f\"Time for matching features with matcher {matcher} and detector {detector}: {end-start}\")\n",
    "\n",
    "    return matches\n",
    "\n",
    "\n",
    "        "
   ]
  },
  {
   "cell_type": "code",
   "execution_count": 9,
   "id": "627ed302-4bbd-41ba-8d06-2ab273de911d",
   "metadata": {},
   "outputs": [],
   "source": [
    "#ratio test\n",
    "def filter_matches(matches,threshold):\n",
    "    filter_matches=[]\n",
    "    for x, y in matches:\n",
    "        if x.distance <= y.distance*threshold:\n",
    "            filter_matches.append(x)\n",
    "    return filter_matches\n",
    "    "
   ]
  },
  {
   "cell_type": "code",
   "execution_count": 10,
   "id": "b193420c-7f52-4e8f-a29b-564ee8ed4a12",
   "metadata": {},
   "outputs": [],
   "source": [
    "def visualize_matches(img1,kp1,img2,kp2,matches, flags=2):\n",
    "    match_img= cv2.drawMatches(img1,kp1,img2,kp2,matches,None,flags, matchColor= (100,255,100))\n",
    "    plt.figure(figsize=(16,6),dpi=100)\n",
    "    plt.imshow(match_img)"
   ]
  },
  {
   "cell_type": "code",
   "execution_count": 11,
   "id": "506bee56-83de-4006-af48-d84a260ef461",
   "metadata": {},
   "outputs": [],
   "source": [
    "def estimate_motion(kp1,kp2,k,matches,depth, max_depth=3000):\n",
    "    #compute the image in pixel  \n",
    "    image_points1= [kp1[m.queryIdx].pt for m in matches]\n",
    "    image_points2= [kp2[m.trainIdx].pt for m in matches]\n",
    "\n",
    "    # extracting parameters from k\n",
    "    fx=k[0][0]\n",
    "    fy=k[1][1]\n",
    "    cx=k[0][2]\n",
    "    cy=k[1][2]\n",
    "\n",
    "    #converting interesting image_points1 from 2d to 3d\n",
    "    objects_list=np.zeros((0,3))\n",
    "    delete=[]\n",
    "\n",
    "    for i , (u,v) in enumerate(image_points1):\n",
    "        z= depth[int(round(v))][int(round(u))]\n",
    "\n",
    "        if z >= max_depth:\n",
    "            delete.append(i)\n",
    "            continue\n",
    "\n",
    "        x= z*(u-cx)/fx\n",
    "        y= z*(v-cy)/fy\n",
    "        objects_list= np.vstack([objects_list, np.array([x,y,z])])\n",
    "\n",
    "    image_points1= np.delete(image_points1, delete, 0)\n",
    "    image_points2= np.delete(image_points2, delete, 0)\n",
    "\n",
    "    _, rvec,tvec, inliers= cv2.solvePnPRansac(objects_list, image_points2, k, None)\n",
    "    rvec = cv2.Rodrigues(rvec)[0]\n",
    "    \n",
    "    return rvec, tvec\n",
    "\n",
    "    "
   ]
  },
  {
   "cell_type": "code",
   "execution_count": 26,
   "id": "0bcecad8-6b39-44d5-8ca7-9197ff8920e1",
   "metadata": {},
   "outputs": [],
   "source": [
    "def visual_odometry(handler, stereo_matcher=\"bm\", detector= \"orb\", matcher=\"BF\", filter_threshold=None, mask= True, \n",
    "                    verbose=False, plot=True):\n",
    "    print(f\"Computing disparityMap with stereo_matcher : {stereo_matcher}\")\n",
    "    print(f\"Detecting features with detector {detector}\")\n",
    "    print(f\"Matching features with {matcher} and filtered with ratio test at threshold : {filter_threshold}\")\n",
    "\n",
    "    if plot:\n",
    "        fig = plt.figure(figsize=(14, 14))\n",
    "        ax = fig.add_subplot(projection='3d')\n",
    "        ax.view_init(elev=-20, azim=270)\n",
    "        xs = handler.poses[:, 0, 3]\n",
    "        ys = handler.poses[:, 1, 3]\n",
    "        zs = handler.poses[:, 2, 3]\n",
    "        ax.set_box_aspect((np.ptp(xs), np.ptp(ys), np.ptp(zs)))\n",
    "        ax.plot(xs, ys, zs, c='k')        \n",
    "        \n",
    "    num_frames= handler.num_frames\n",
    "    \n",
    "    k_left,r_left,t_left = decomposeProjectionMatrix(handler.P0)\n",
    "\n",
    "    trajectory=np.zeros((num_frames, 3,4))\n",
    "    #print(trajectory)\n",
    "    T_tot=np.eye(4)\n",
    "    trajectory[0]=(T_tot[:3,:])\n",
    "\n",
    "    #Compute the trajectory for every frame\n",
    "    for i in range(num_frames-1):\n",
    "        start=datetime.datetime.now()\n",
    "        \n",
    "        left_img=handler.left_images[i]\n",
    "        right_img=handler.right_images[i]\n",
    "        left_imgplus1=handler.left_images[i+1]\n",
    "\n",
    "        depth= stereo_to_depth(left_img, right_img, handler.P0, handler.P1)\n",
    "        #\n",
    "        kp0,des0 = extract_features(left_img)\n",
    "        kp1,des1 = extract_features(left_imgplus1)\n",
    "\n",
    "        #okk\n",
    "\n",
    "        unmatched_features= match_features(des0,des1)\n",
    "\n",
    "        print(f\"Numero features senza filtering: {len(unmatched_features)}\")\n",
    "\n",
    "        if filter_threshold is not None :\n",
    "            matched_features=filter_matches(unmatched_features, filter_threshold)\n",
    "        else:\n",
    "            matched_features= unmatched_features #problem : list of 2-element list, ransac doesn't want it\n",
    "\n",
    "        print(f\"Numero features con filtering: {len(matched_features)}\")\n",
    "        #okk\n",
    "        \n",
    "        rvec,tvec= estimate_motion(kp0,kp1,k_left, matched_features, depth)\n",
    "        \n",
    "        #computing the transformation matrix [rvec| tvec]\n",
    "        T_mat= np.hstack([rvec,tvec])\n",
    "\n",
    "        #computing the homogeneous transformation matrix, so then I can invert it\n",
    "        T_mat=np.vstack([T_mat, [0,0,0,1]])\n",
    "\n",
    "        #inverting the transformation matrix\n",
    "        T_mat=np.linalg.inv(T_mat)\n",
    "\n",
    "        T_tot = T_tot.dot(T_mat)\n",
    "\n",
    "        #appending T_tot into trajectory\n",
    "\n",
    "        trajectory[i+1, :, :] = T_tot[:3][:]\n",
    "        end=datetime.datetime.now()\n",
    "        print(f\"Frame {i+1} processato. Tempo trascorso: {end-start}\")\n",
    "\n",
    "        print(f\"\\n {trajectory[i+1,:,:].round(4)}\\n\\n\\n\")\n",
    "\n",
    "        if plot:\n",
    "            xs = trajectory[:i+2, 0, 3]\n",
    "            ys = trajectory[:i+2, 1, 3]\n",
    "            zs = trajectory[:i+2, 2, 3]\n",
    "            plt.plot(xs, ys, zs, c='chartreuse')\n",
    "            plt.pause(1e-32)\n",
    "\n",
    "    if plot:\n",
    "        plt.close()\n",
    "\n",
    "    return trajectory\n",
    "        \n",
    "    "
   ]
  },
  {
   "cell_type": "code",
   "execution_count": 34,
   "id": "e54e4494-3377-4ef2-8d3f-0cd9d0c8bfea",
   "metadata": {},
   "outputs": [],
   "source": [
    "def calculate_error(ground_truth, estimated, error_type='mse'):\n",
    "    '''\n",
    "    Takes arrays of ground truth and estimated poses of shape Nx3x4, and computes error using\n",
    "    Euclidean distance between true and estimated 3D coordinate at each position.\n",
    "    \n",
    "    Arguments:\n",
    "    ground_truth -- Nx3x4 array of ground truth poses\n",
    "    estimated -- Nx3x4 array of estimated poses\n",
    "    \n",
    "    Optional Arguments:\n",
    "    error_type -- (str) can be 'mae', 'mse', 'rmse', or 'all' to return dictionary of all 3\n",
    "    \n",
    "    Returns:\n",
    "    error -- either a float or dictionary of error types and float values\n",
    "    \n",
    "    '''\n",
    "    # Find the number of frames in the estimated trajectory to compare with\n",
    "    nframes_est = estimated.shape[0]\n",
    "    \n",
    "    def get_mse(ground_truth, estimated):\n",
    "        se = np.sqrt((ground_truth[nframes_est, 0, 3] - estimated[:, 0, 3])**2 \n",
    "                    + (ground_truth[nframes_est, 1, 3] - estimated[:, 1, 3])**2 \n",
    "                    + (ground_truth[nframes_est, 2, 3] - estimated[:, 2, 3])**2)**2\n",
    "        mse = se.mean()\n",
    "        return mse\n",
    "    \n",
    "    def get_mae(ground_truth, estimated):\n",
    "        ae = np.sqrt((ground_truth[nframes_est, 0, 3] - estimated[:, 0, 3])**2 \n",
    "                    + (ground_truth[nframes_est, 1, 3] - estimated[:, 1, 3])**2 \n",
    "                    + (ground_truth[nframes_est, 2, 3] - estimated[:, 2, 3])**2)\n",
    "        mae = ae.mean()\n",
    "        return mae\n",
    "    \n",
    "    if error_type == 'mae':\n",
    "        return get_mae(ground_truth, estimated)\n",
    "    elif error_type == 'mse':\n",
    "        return get_mse(ground_truth, estimated)\n",
    "    elif error_type == 'rmse':\n",
    "        return np.sqrt(get_mse(ground_truth, estimated))\n",
    "    elif error_type == 'all':\n",
    "        mae = get_mae(ground_truth, estimated)\n",
    "        mse = get_mse(ground_truth, estimated)\n",
    "        rmse = np.sqrt(mse)\n",
    "        return {'mae': mae,\n",
    "                'rmse': rmse,\n",
    "                'mse': mse}"
   ]
  },
  {
   "cell_type": "code",
   "execution_count": 27,
   "id": "44e4645b-e5dd-4f3d-8bd9-7389baa91517",
   "metadata": {},
   "outputs": [],
   "source": [
    "def main():\n",
    "    calib_path=\"KITTI_dataset/sequences/00/calib.txt\"\n",
    "    images_path=\"KITTI_dataset/sequences/00/\"\n",
    "    gtPoses_path=\"KITTI_dataset/poses/00.txt\"\n",
    "    handler = Dataset_Handler(calib_path,images_path,gtPoses_path)\n",
    "    trajectory= visual_odometry(handler, filter_threshold=0.5)"
   ]
  },
  {
   "cell_type": "code",
   "execution_count": 36,
   "id": "9e7da262-9d68-4a6e-8782-60b23cb6b101",
   "metadata": {
    "scrolled": true
   },
   "outputs": [
    {
     "name": "stderr",
     "output_type": "stream",
     "text": [
      "Loading images, just a moment...: 100%|████████████████████████████████████████████| 4541/4541 [02:09<00:00, 34.99it/s]\n"
     ]
    },
    {
     "name": "stdout",
     "output_type": "stream",
     "text": [
      "Computing disparityMap with stereo_matcher : bm\n",
      "Detecting features with detector orb\n",
      "Matching features with BF and filtered with ratio test at threshold : 0.5\n",
      "Tempo impiegato da bm:\n",
      "0:00:00.011257\n",
      "Numero features senza filtering: 500\n",
      "Numero features con filtering: 106\n",
      "Frame 1 processato. Tempo trascorso: 0:00:00.032046\n",
      "\n",
      " [[ 1.     -0.0026 -0.0028 -0.0261]\n",
      " [ 0.0026  1.     -0.0023 -0.005 ]\n",
      " [ 0.0028  0.0023  1.      0.6479]]\n",
      "\n",
      "\n",
      "\n",
      "Tempo impiegato da bm:\n",
      "0:00:00.010026\n",
      "Numero features senza filtering: 500\n",
      "Numero features con filtering: 122\n",
      "Frame 2 processato. Tempo trascorso: 0:00:00.033612\n",
      "\n",
      " [[ 1.     -0.0022 -0.0043 -0.1192]\n",
      " [ 0.0022  1.     -0.0034 -0.018 ]\n",
      " [ 0.0043  0.0034  1.      1.2966]]\n",
      "\n",
      "\n",
      "\n",
      "Tempo impiegato da bm:\n",
      "0:00:00.008284\n",
      "Numero features senza filtering: 500\n",
      "Numero features con filtering: 118\n",
      "Frame 3 processato. Tempo trascorso: 0:00:00.035415\n",
      "\n",
      " [[ 1.     -0.0025 -0.0078 -0.1393]\n",
      " [ 0.0025  1.     -0.0046 -0.0247]\n",
      " [ 0.0078  0.0046  1.      2.0079]]\n",
      "\n",
      "\n",
      "\n",
      "Tempo impiegato da bm:\n",
      "0:00:00.020410\n",
      "Numero features senza filtering: 500\n",
      "Numero features con filtering: 104\n",
      "Frame 4 processato. Tempo trascorso: 0:00:00.044071\n",
      "\n",
      " [[ 9.9990e-01 -2.0000e-03 -1.1600e-02 -1.7690e-01]\n",
      " [ 2.0000e-03  1.0000e+00 -4.8000e-03 -3.8700e-02]\n",
      " [ 1.1600e-02  4.7000e-03  9.9990e-01  2.7087e+00]]\n",
      "\n",
      "\n",
      "\n",
      "Tempo impiegato da bm:\n",
      "0:00:00.013943\n",
      "Numero features senza filtering: 500\n",
      "Numero features con filtering: 98\n",
      "Frame 5 processato. Tempo trascorso: 0:00:00.035448\n",
      "\n",
      " [[ 9.9990e-01 -2.8000e-03 -1.5900e-02 -2.0000e-01]\n",
      " [ 2.7000e-03  1.0000e+00 -5.1000e-03 -4.3100e-02]\n",
      " [ 1.5900e-02  5.0000e-03  9.9990e-01  3.4395e+00]]\n",
      "\n",
      "\n",
      "\n",
      "Tempo impiegato da bm:\n",
      "0:00:00.012183\n",
      "Numero features senza filtering: 500\n",
      "Numero features con filtering: 97\n",
      "Frame 6 processato. Tempo trascorso: 0:00:00.035247\n",
      "\n",
      " [[ 9.9980e-01 -9.0000e-04 -2.0200e-02 -2.2740e-01]\n",
      " [ 8.0000e-04  1.0000e+00 -5.8000e-03 -6.2800e-02]\n",
      " [ 2.0200e-02  5.8000e-03  9.9980e-01  4.2008e+00]]\n",
      "\n",
      "\n",
      "\n",
      "Tempo impiegato da bm:\n",
      "0:00:00.011186\n",
      "Numero features senza filtering: 500\n",
      "Numero features con filtering: 91\n",
      "Frame 7 processato. Tempo trascorso: 0:00:00.033537\n",
      "\n",
      " [[ 9.9980e-01 -7.0000e-04 -1.9800e-02 -4.2770e-01]\n",
      " [ 6.0000e-04  1.0000e+00 -4.2000e-03 -1.2030e-01]\n",
      " [ 1.9800e-02  4.2000e-03  9.9980e-01  4.8281e+00]]\n",
      "\n",
      "\n",
      "\n",
      "Tempo impiegato da bm:\n",
      "0:00:00.011516\n",
      "Numero features senza filtering: 500\n",
      "Numero features con filtering: 86\n",
      "Frame 8 processato. Tempo trascorso: 0:00:00.034068\n",
      "\n",
      " [[ 9.9970e-01  3.0000e-04 -2.3500e-02 -4.6410e-01]\n",
      " [-3.0000e-04  1.0000e+00 -2.4000e-03 -1.3740e-01]\n",
      " [ 2.3500e-02  2.4000e-03  9.9970e-01  5.6086e+00]]\n",
      "\n",
      "\n",
      "\n",
      "Tempo impiegato da bm:\n",
      "0:00:00.025764\n",
      "Numero features senza filtering: 500\n",
      "Numero features con filtering: 103\n",
      "Frame 9 processato. Tempo trascorso: 0:00:00.072478\n",
      "\n",
      " [[ 9.9960e-01 -1.8000e-03 -2.8100e-02 -5.0400e-01]\n",
      " [ 1.8000e-03  1.0000e+00  1.0000e-04 -1.3380e-01]\n",
      " [ 2.8100e-02 -2.0000e-04  9.9960e-01  6.4148e+00]]\n",
      "\n",
      "\n",
      "\n",
      "Tempo impiegato da bm:\n",
      "0:00:00.021730\n",
      "Numero features senza filtering: 500\n",
      "Numero features con filtering: 92\n",
      "Frame 10 processato. Tempo trascorso: 0:00:00.042300\n",
      "\n",
      " [[ 9.9950e-01 -7.0000e-04 -3.0800e-02 -5.6510e-01]\n",
      " [ 8.0000e-04  1.0000e+00  2.9000e-03 -1.4600e-01]\n",
      " [ 3.0800e-02 -2.9000e-03  9.9950e-01  7.2504e+00]]\n",
      "\n",
      "\n",
      "\n",
      "Tempo impiegato da bm:\n",
      "0:00:00.006008\n",
      "Numero features senza filtering: 500\n",
      "Numero features con filtering: 114\n",
      "Frame 11 processato. Tempo trascorso: 0:00:00.031834\n",
      "\n",
      " [[ 9.9940e-01  8.0000e-04 -3.3400e-02 -6.0380e-01]\n",
      " [-8.0000e-04  1.0000e+00  2.3000e-03 -1.5830e-01]\n",
      " [ 3.3400e-02 -2.3000e-03  9.9940e-01  8.0522e+00]]\n",
      "\n",
      "\n",
      "\n",
      "Tempo impiegato da bm:\n",
      "0:00:00.018551\n",
      "Numero features senza filtering: 500\n",
      "Numero features con filtering: 115\n",
      "Frame 12 processato. Tempo trascorso: 0:00:00.042682\n",
      "\n",
      " [[ 9.994e-01 -2.000e-04 -3.510e-02 -6.582e-01]\n",
      " [ 3.000e-04  1.000e+00  2.100e-03 -1.617e-01]\n",
      " [ 3.510e-02 -2.100e-03  9.994e-01  8.852e+00]]\n",
      "\n",
      "\n",
      "\n",
      "Tempo impiegato da bm:\n",
      "0:00:00.010996\n",
      "Numero features senza filtering: 500\n",
      "Numero features con filtering: 108\n",
      "Frame 13 processato. Tempo trascorso: 0:00:00.033024\n",
      "\n",
      " [[ 9.9940e-01 -2.4000e-03 -3.5500e-02 -7.3620e-01]\n",
      " [ 2.4000e-03  1.0000e+00  1.6000e-03 -1.6810e-01]\n",
      " [ 3.5500e-02 -1.7000e-03  9.9940e-01  9.6773e+00]]\n",
      "\n",
      "\n",
      "\n",
      "Tempo impiegato da bm:\n",
      "0:00:00.010015\n",
      "Numero features senza filtering: 500\n",
      "Numero features con filtering: 107\n",
      "Frame 14 processato. Tempo trascorso: 0:00:00.033607\n",
      "\n",
      " [[ 9.99300e-01 -1.30000e-03 -3.76000e-02 -7.69800e-01]\n",
      " [ 1.40000e-03  1.00000e+00  2.50000e-03 -1.81900e-01]\n",
      " [ 3.76000e-02 -2.50000e-03  9.99300e-01  1.05261e+01]]\n",
      "\n",
      "\n",
      "\n",
      "Tempo impiegato da bm:\n",
      "0:00:00.013503\n",
      "Numero features senza filtering: 500\n",
      "Numero features con filtering: 106\n",
      "Frame 15 processato. Tempo trascorso: 0:00:00.035921\n",
      "\n",
      " [[ 9.99200e-01 -1.80000e-03 -3.88000e-02 -8.18000e-01]\n",
      " [ 1.90000e-03  1.00000e+00  2.20000e-03 -1.93500e-01]\n",
      " [ 3.87000e-02 -2.20000e-03  9.99200e-01  1.13807e+01]]\n",
      "\n",
      "\n",
      "\n",
      "Tempo impiegato da bm:\n",
      "0:00:00.012528\n",
      "Numero features senza filtering: 500\n",
      "Numero features con filtering: 115\n",
      "Frame 16 processato. Tempo trascorso: 0:00:00.031848\n",
      "\n",
      " [[ 9.99200e-01  8.00000e-04 -4.03000e-02 -8.63800e-01]\n",
      " [-8.00000e-04  1.00000e+00 -1.00000e-04 -1.97400e-01]\n",
      " [ 4.03000e-02  2.00000e-04  9.99200e-01  1.22225e+01]]\n",
      "\n",
      "\n",
      "\n",
      "Tempo impiegato da bm:\n",
      "0:00:00.010329\n",
      "Numero features senza filtering: 500\n",
      "Numero features con filtering: 99\n",
      "Frame 17 processato. Tempo trascorso: 0:00:00.031530\n",
      "\n",
      " [[ 9.99200e-01 -2.00000e-04 -4.07000e-02 -9.74600e-01]\n",
      " [ 1.00000e-04  1.00000e+00 -2.80000e-03 -1.92700e-01]\n",
      " [ 4.07000e-02  2.80000e-03  9.99200e-01  1.31729e+01]]\n",
      "\n",
      "\n",
      "\n",
      "Tempo impiegato da bm:\n",
      "0:00:00.012022\n",
      "Numero features senza filtering: 500\n",
      "Numero features con filtering: 105\n",
      "Frame 18 processato. Tempo trascorso: 0:00:00.029222\n",
      "\n",
      " [[ 9.99200e-01  2.50000e-03 -4.11000e-02 -1.11630e+00]\n",
      " [-2.70000e-03  1.00000e+00 -4.60000e-03 -1.92700e-01]\n",
      " [ 4.11000e-02  4.70000e-03  9.99100e-01  1.41721e+01]]\n",
      "\n",
      "\n",
      "\n",
      "Tempo impiegato da bm:\n",
      "0:00:00.012002\n",
      "Numero features senza filtering: 500\n",
      "Numero features con filtering: 93\n",
      "Frame 19 processato. Tempo trascorso: 0:00:00.029914\n",
      "\n",
      " [[ 9.9920e-01  3.6000e-03 -4.0300e-02 -1.2748e+00]\n",
      " [-3.8000e-03  1.0000e+00 -4.6000e-03 -1.9670e-01]\n",
      " [ 4.0300e-02  4.7000e-03  9.9920e-01  1.5201e+01]]\n",
      "\n",
      "\n",
      "\n",
      "Tempo impiegato da bm:\n",
      "0:00:00.020450\n",
      "Numero features senza filtering: 500\n",
      "Numero features con filtering: 84\n",
      "Frame 20 processato. Tempo trascorso: 0:00:00.039692\n",
      "\n",
      " [[ 9.99100e-01  3.00000e-04 -4.14000e-02 -1.33320e+00]\n",
      " [-4.00000e-04  1.00000e+00 -3.10000e-03 -1.99800e-01]\n",
      " [ 4.14000e-02  3.10000e-03  9.99100e-01  1.61059e+01]]\n",
      "\n",
      "\n",
      "\n",
      "Tempo impiegato da bm:\n",
      "0:00:00.013017\n",
      "Numero features senza filtering: 500\n",
      "Numero features con filtering: 91\n",
      "Frame 21 processato. Tempo trascorso: 0:00:00.036989\n",
      "\n",
      " [[ 9.99100e-01  1.00000e-04 -4.24000e-02 -1.39620e+00]\n",
      " [-1.00000e-04  1.00000e+00 -1.70000e-03 -2.05600e-01]\n",
      " [ 4.24000e-02  1.70000e-03  9.99100e-01  1.70066e+01]]\n",
      "\n",
      "\n",
      "\n",
      "Tempo impiegato da bm:\n",
      "0:00:00.011265\n",
      "Numero features senza filtering: 500\n",
      "Numero features con filtering: 99\n",
      "Frame 22 processato. Tempo trascorso: 0:00:00.036884\n",
      "\n",
      " [[ 9.99100e-01 -1.20000e-03 -4.31000e-02 -1.46140e+00]\n",
      " [ 1.20000e-03  1.00000e+00 -1.40000e-03 -2.19400e-01]\n",
      " [ 4.31000e-02  1.40000e-03  9.99100e-01  1.79334e+01]]\n",
      "\n",
      "\n",
      "\n",
      "Tempo impiegato da bm:\n",
      "0:00:00.013102\n",
      "Numero features senza filtering: 500\n",
      "Numero features con filtering: 74\n",
      "Frame 23 processato. Tempo trascorso: 0:00:00.035182\n",
      "\n",
      " [[ 9.99000e-01 -3.80000e-03 -4.48000e-02 -1.51780e+00]\n",
      " [ 3.70000e-03  1.00000e+00 -1.90000e-03 -2.24200e-01]\n",
      " [ 4.48000e-02  1.80000e-03  9.99000e-01  1.88482e+01]]\n",
      "\n",
      "\n",
      "\n",
      "Tempo impiegato da bm:\n",
      "0:00:00.011760\n",
      "Numero features senza filtering: 500\n",
      "Numero features con filtering: 87\n",
      "Frame 24 processato. Tempo trascorso: 0:00:00.033639\n",
      "\n",
      " [[ 9.98900e-01 -5.00000e-03 -4.57000e-02 -1.55750e+00]\n",
      " [ 4.90000e-03  1.00000e+00 -2.30000e-03 -2.38700e-01]\n",
      " [ 4.57000e-02  2.00000e-03  9.99000e-01  1.97542e+01]]\n",
      "\n",
      "\n",
      "\n",
      "Tempo impiegato da bm:\n",
      "0:00:00.012641\n",
      "Numero features senza filtering: 500\n",
      "Numero features con filtering: 74\n",
      "Frame 25 processato. Tempo trascorso: 0:00:00.043504\n",
      "\n",
      " [[ 9.98900e-01 -4.50000e-03 -4.67000e-02 -1.58680e+00]\n",
      " [ 4.40000e-03  1.00000e+00 -1.10000e-03 -2.40200e-01]\n",
      " [ 4.67000e-02  9.00000e-04  9.98900e-01  2.06742e+01]]\n",
      "\n",
      "\n",
      "\n",
      "Tempo impiegato da bm:\n",
      "0:00:00.012743\n",
      "Numero features senza filtering: 500\n",
      "Numero features con filtering: 71\n",
      "Frame 26 processato. Tempo trascorso: 0:00:00.044434\n",
      "\n",
      " [[ 9.98900e-01 -2.90000e-03 -4.68000e-02 -1.65310e+00]\n",
      " [ 3.00000e-03  1.00000e+00  1.90000e-03 -2.49600e-01]\n",
      " [ 4.68000e-02 -2.10000e-03  9.98900e-01  2.16386e+01]]\n",
      "\n",
      "\n",
      "\n",
      "Tempo impiegato da bm:\n",
      "0:00:00.023980\n",
      "Numero features senza filtering: 500\n",
      "Numero features con filtering: 76\n",
      "Frame 27 processato. Tempo trascorso: 0:00:00.049690\n",
      "\n",
      " [[ 9.98900e-01 -2.30000e-03 -4.62000e-02 -1.70770e+00]\n",
      " [ 2.50000e-03  1.00000e+00  5.60000e-03 -2.55500e-01]\n",
      " [ 4.62000e-02 -5.70000e-03  9.98900e-01  2.25882e+01]]\n",
      "\n",
      "\n",
      "\n",
      "Tempo impiegato da bm:\n",
      "0:00:00.012656\n",
      "Numero features senza filtering: 500\n",
      "Numero features con filtering: 85\n",
      "Frame 28 processato. Tempo trascorso: 0:00:00.033369\n",
      "\n",
      " [[ 9.9900e-01 -6.3000e-03 -4.4300e-02 -1.7677e+00]\n",
      " [ 6.7000e-03  9.9990e-01  8.8000e-03 -2.5280e-01]\n",
      " [ 4.4200e-02 -9.1000e-03  9.9900e-01  2.3533e+01]]\n",
      "\n",
      "\n",
      "\n",
      "Tempo impiegato da bm:\n",
      "0:00:00.009755\n",
      "Numero features senza filtering: 500\n",
      "Numero features con filtering: 82\n",
      "Frame 29 processato. Tempo trascorso: 0:00:00.033398\n",
      "\n",
      " [[ 9.99100e-01 -3.20000e-03 -4.32000e-02 -1.76540e+00]\n",
      " [ 3.60000e-03  9.99900e-01  9.60000e-03 -2.76700e-01]\n",
      " [ 4.32000e-02 -9.80000e-03  9.99000e-01  2.43923e+01]]\n",
      "\n",
      "\n",
      "\n",
      "Tempo impiegato da bm:\n",
      "0:00:00.017049\n",
      "Numero features senza filtering: 500\n",
      "Numero features con filtering: 100\n",
      "Frame 30 processato. Tempo trascorso: 0:00:00.046904\n",
      "\n",
      " [[ 9.99100e-01 -2.00000e-03 -4.29000e-02 -1.72260e+00]\n",
      " [ 2.30000e-03  1.00000e+00  7.20000e-03 -3.01500e-01]\n",
      " [ 4.29000e-02 -7.30000e-03  9.99100e-01  2.52215e+01]]\n",
      "\n",
      "\n",
      "\n",
      "Tempo impiegato da bm:\n",
      "0:00:00.014532\n",
      "Numero features senza filtering: 500\n",
      "Numero features con filtering: 89\n",
      "Frame 31 processato. Tempo trascorso: 0:00:00.048086\n",
      "\n",
      " [[ 9.99100e-01 -9.00000e-04 -4.21000e-02 -1.78090e+00]\n",
      " [ 1.00000e-03  1.00000e+00  2.30000e-03 -3.03400e-01]\n",
      " [ 4.21000e-02 -2.40000e-03  9.99100e-01  2.61914e+01]]\n",
      "\n",
      "\n",
      "\n",
      "Tempo impiegato da bm:\n",
      "0:00:00.020060\n",
      "Numero features senza filtering: 500\n",
      "Numero features con filtering: 93\n",
      "Frame 32 processato. Tempo trascorso: 0:00:00.052523\n",
      "\n",
      " [[ 9.99200e-01 -2.90000e-03 -4.10000e-02 -1.82420e+00]\n",
      " [ 2.90000e-03  1.00000e+00 -6.00000e-04 -3.01700e-01]\n",
      " [ 4.10000e-02  5.00000e-04  9.99200e-01  2.71393e+01]]\n",
      "\n",
      "\n",
      "\n",
      "Tempo impiegato da bm:\n",
      "0:00:00.016076\n",
      "Numero features senza filtering: 500\n",
      "Numero features con filtering: 84\n",
      "Frame 33 processato. Tempo trascorso: 0:00:00.045856\n",
      "\n",
      " [[ 9.99200e-01 -4.30000e-03 -4.03000e-02 -1.86820e+00]\n",
      " [ 4.30000e-03  1.00000e+00 -1.00000e-04 -3.06100e-01]\n",
      " [ 4.03000e-02 -1.00000e-04  9.99200e-01  2.81177e+01]]\n",
      "\n",
      "\n",
      "\n",
      "Tempo impiegato da bm:\n",
      "0:00:00.016929\n",
      "Numero features senza filtering: 500\n",
      "Numero features con filtering: 92\n",
      "Frame 34 processato. Tempo trascorso: 0:00:00.044507\n",
      "\n",
      " [[ 9.99100e-01 -4.60000e-03 -4.13000e-02 -1.86340e+00]\n",
      " [ 4.90000e-03  1.00000e+00  5.10000e-03 -3.28700e-01]\n",
      " [ 4.13000e-02 -5.30000e-03  9.99100e-01  2.90562e+01]]\n",
      "\n",
      "\n",
      "\n",
      "Tempo impiegato da bm:\n",
      "0:00:00.015945\n",
      "Numero features senza filtering: 500\n",
      "Numero features con filtering: 95\n",
      "Frame 35 processato. Tempo trascorso: 0:00:00.047769\n",
      "\n",
      " [[ 9.99100e-01 -7.70000e-03 -4.23000e-02 -1.91090e+00]\n",
      " [ 8.10000e-03  9.99900e-01  8.60000e-03 -3.55700e-01]\n",
      " [ 4.23000e-02 -9.00000e-03  9.99100e-01  3.00485e+01]]\n",
      "\n",
      "\n",
      "\n",
      "Tempo impiegato da bm:\n",
      "0:00:00.017767\n",
      "Numero features senza filtering: 500\n",
      "Numero features con filtering: 106\n",
      "Frame 36 processato. Tempo trascorso: 0:00:00.047582\n",
      "\n",
      " [[ 9.99000e-01 -1.45000e-02 -4.28000e-02 -1.98910e+00]\n",
      " [ 1.48000e-02  9.99900e-01  7.70000e-03 -3.57800e-01]\n",
      " [ 4.27000e-02 -8.30000e-03  9.99100e-01  3.10588e+01]]\n",
      "\n",
      "\n",
      "\n",
      "Tempo impiegato da bm:\n",
      "0:00:00.016123\n",
      "Numero features senza filtering: 500\n",
      "Numero features con filtering: 116\n",
      "Frame 37 processato. Tempo trascorso: 0:00:00.047924\n",
      "\n",
      " [[ 9.98900e-01 -1.51000e-02 -4.46000e-02 -2.01150e+00]\n",
      " [ 1.53000e-02  9.99900e-01  3.60000e-03 -3.63000e-01]\n",
      " [ 4.46000e-02 -4.20000e-03  9.99000e-01  3.19923e+01]]\n",
      "\n",
      "\n",
      "\n",
      "Tempo impiegato da bm:\n",
      "0:00:00.031592\n",
      "Numero features senza filtering: 500\n",
      "Numero features con filtering: 130\n",
      "Frame 38 processato. Tempo trascorso: 0:00:00.063137\n",
      "\n",
      " [[ 9.98800e-01 -1.35000e-02 -4.64000e-02 -2.04420e+00]\n",
      " [ 1.35000e-02  9.99900e-01 -0.00000e+00 -3.98000e-01]\n",
      " [ 4.64000e-02 -6.00000e-04  9.98900e-01  3.29581e+01]]\n",
      "\n",
      "\n",
      "\n",
      "Tempo impiegato da bm:\n",
      "0:00:00.021643\n",
      "Numero features senza filtering: 500\n",
      "Numero features con filtering: 110\n",
      "Frame 39 processato. Tempo trascorso: 0:00:00.052486\n",
      "\n",
      " [[ 9.98800e-01 -1.18000e-02 -4.85000e-02 -2.10110e+00]\n",
      " [ 1.18000e-02  9.99900e-01 -2.00000e-04 -4.26900e-01]\n",
      " [ 4.85000e-02 -4.00000e-04  9.98800e-01  3.39461e+01]]\n",
      "\n",
      "\n",
      "\n",
      "Tempo impiegato da bm:\n",
      "0:00:00.013780\n",
      "Numero features senza filtering: 500\n",
      "Numero features con filtering: 124\n",
      "Frame 40 processato. Tempo trascorso: 0:00:00.045610\n",
      "\n",
      " [[ 9.98700e-01 -1.05000e-02 -4.98000e-02 -2.11780e+00]\n",
      " [ 1.06000e-02  9.99900e-01  1.30000e-03 -4.50000e-01]\n",
      " [ 4.98000e-02 -1.80000e-03  9.98800e-01  3.49026e+01]]\n",
      "\n",
      "\n",
      "\n",
      "Tempo impiegato da bm:\n",
      "0:00:00.013772\n",
      "Numero features senza filtering: 500\n",
      "Numero features con filtering: 105\n",
      "Frame 41 processato. Tempo trascorso: 0:00:00.047457\n",
      "\n",
      " [[ 9.98600e-01 -5.70000e-03 -5.19000e-02 -2.11170e+00]\n",
      " [ 6.00000e-03  1.00000e+00  4.80000e-03 -4.91400e-01]\n",
      " [ 5.19000e-02 -5.10000e-03  9.98600e-01  3.58162e+01]]\n",
      "\n",
      "\n",
      "\n",
      "Tempo impiegato da bm:\n",
      "0:00:00.017776\n",
      "Numero features senza filtering: 500\n",
      "Numero features con filtering: 120\n",
      "Frame 42 processato. Tempo trascorso: 0:00:00.049349\n",
      "\n",
      " [[ 9.98500e-01 -3.60000e-03 -5.45000e-02 -2.09980e+00]\n",
      " [ 4.00000e-03  1.00000e+00  6.50000e-03 -5.31900e-01]\n",
      " [ 5.45000e-02 -6.70000e-03  9.98500e-01  3.67781e+01]]\n",
      "\n",
      "\n",
      "\n",
      "Tempo impiegato da bm:\n",
      "0:00:00.011769\n",
      "Numero features senza filtering: 500\n",
      "Numero features con filtering: 136\n",
      "Frame 43 processato. Tempo trascorso: 0:00:00.042514\n",
      "\n",
      " [[ 9.98500e-01 -2.60000e-03 -5.46000e-02 -2.23700e+00]\n",
      " [ 3.10000e-03  1.00000e+00  8.80000e-03 -5.31300e-01]\n",
      " [ 5.46000e-02 -8.90000e-03  9.98500e-01  3.78735e+01]]\n",
      "\n",
      "\n",
      "\n",
      "Tempo impiegato da bm:\n",
      "0:00:00.017250\n",
      "Numero features senza filtering: 500\n",
      "Numero features con filtering: 112\n",
      "Frame 44 processato. Tempo trascorso: 0:00:00.043620\n",
      "\n",
      " [[ 9.98500e-01 -1.10000e-03 -5.51000e-02 -2.24340e+00]\n",
      " [ 1.80000e-03  9.99900e-01  1.23000e-02 -5.69200e-01]\n",
      " [ 5.50000e-02 -1.24000e-02  9.98400e-01  3.88017e+01]]\n",
      "\n",
      "\n",
      "\n",
      "Tempo impiegato da bm:\n",
      "0:00:00.013771\n",
      "Numero features senza filtering: 500\n",
      "Numero features con filtering: 121\n",
      "Frame 45 processato. Tempo trascorso: 0:00:00.043743\n",
      "\n",
      " [[ 9.98400e-01  6.60000e-03 -5.63000e-02 -2.26620e+00]\n",
      " [-5.70000e-03  9.99900e-01  1.52000e-02 -6.01400e-01]\n",
      " [ 5.64000e-02 -1.48000e-02  9.98300e-01  3.97502e+01]]\n",
      "\n",
      "\n",
      "\n",
      "Tempo impiegato da bm:\n",
      "0:00:00.017524\n",
      "Numero features senza filtering: 500\n",
      "Numero features con filtering: 115\n",
      "Frame 46 processato. Tempo trascorso: 0:00:00.047285\n",
      "\n",
      " [[ 9.98400e-01  6.70000e-03 -5.65000e-02 -2.33490e+00]\n",
      " [-5.80000e-03  9.99900e-01  1.50000e-02 -6.19200e-01]\n",
      " [ 5.66000e-02 -1.47000e-02  9.98300e-01  4.07595e+01]]\n",
      "\n",
      "\n",
      "\n",
      "Tempo impiegato da bm:\n",
      "0:00:00.015734\n",
      "Numero features senza filtering: 500\n",
      "Numero features con filtering: 113\n",
      "Frame 47 processato. Tempo trascorso: 0:00:00.048370\n",
      "\n",
      " [[ 9.98400e-01  6.60000e-03 -5.63000e-02 -2.39250e+00]\n",
      " [-5.80000e-03  9.99900e-01  1.31000e-02 -6.13400e-01]\n",
      " [ 5.64000e-02 -1.28000e-02  9.98300e-01  4.17396e+01]]\n",
      "\n",
      "\n",
      "\n",
      "Tempo impiegato da bm:\n",
      "0:00:00.023700\n",
      "Numero features senza filtering: 500\n",
