{
 "cells": [
  {
   "cell_type": "code",
   "execution_count": 48,
   "id": "e58d2b5c-02a6-4333-99bc-c7945056c9c8",
   "metadata": {},
   "outputs": [],
   "source": [
    "import cv2\n",
    "import numpy as np\n",
    "import pandas as pd\n",
    "from matplotlib import pyplot as plt\n",
    "from tqdm import tqdm\n",
    "import os\n",
    "import datetime"
   ]
  },
  {
   "cell_type": "code",
   "execution_count": 83,
   "id": "0d08d41b-d634-4aa8-9234-b33ae0abe50a",
   "metadata": {},
   "outputs": [],
   "source": [
    "class Dataset_Handler:\n",
    "    def __init__(self,calib_path, images_path,gtPoses_path, low_memory=False):\n",
    "        self.getCalibParams(calib_path)\n",
    "        self.getImages(images_path,low_memory)\n",
    "        self.getPoses(gtPoses_path)\n",
    "        self.num_frames= len(self.left_images)\n",
    "    \n",
    "    def getCalibParams(self,filepath):\n",
    "        df=pd.read_csv(\"KITTI_dataset/sequences/00/calib.txt\", delimiter =\" \", header= None, index_col=0)\n",
    "        df.index=df.index.str.replace(\":\", \"\")\n",
    "        self.P0= df.loc[\"P0\"].to_numpy().reshape(3,4)\n",
    "        self.P1= df.loc[\"P1\"].to_numpy().reshape(3,4)\n",
    "        self.P2= df.loc[\"P2\"].to_numpy().reshape(3,4) #rgb camera\n",
    "        self.P3= df.loc[\"P3\"].to_numpy().reshape(3,4) #rgb camera\n",
    "        \"\"\"\n",
    "        DEBUGGING\n",
    "        \n",
    "        print(f\"P0: \\n {self.P0}\\n\")\n",
    "        print(f\"P1 \\n{self.P1}\\n\")\n",
    "        print(f\"P2: \\n{self.P2}\\n\")\n",
    "        print(f\"P3: \\n{self.P3}\\n\")\n",
    "        \"\"\"\n",
    "\n",
    "        \"\"\"\n",
    "        calib_path=\"KITTI_dataset/sequences/00/calib.txt\"\n",
    "    images_path=\"KITTI_dataset/sequences/00/\"\n",
    "    gtPoses_path=\"KITTI_dataset/poses/00.txt\"\n",
    "    handler = Dataset_Handler(calib_path,images_path,gtPoses_path)\n",
    "        \"\"\"\n",
    "\n",
    "    def getImages(self, filepath, low_memory):\n",
    "        if low_memory:\n",
    "            pass\n",
    "        else:\n",
    "            self.left_images=[]\n",
    "            self.right_images=[]\n",
    "            image_files= [f for f in os.listdir(filepath+\"image_0/\")]\n",
    "            \n",
    "            self.first_left_img=cv2.imread(filepath+\"image_0/\"+image_files[0], cv2.IMREAD_GRAYSCALE)\n",
    "            self.first_right_img=cv2.imread(filepath+\"image_1/\"+image_files[0], cv2.IMREAD_GRAYSCALE)\n",
    "            self.second_left_img= cv2.imread(filepath+\"image_0/\"+image_files[1], cv2.IMREAD_GRAYSCALE)\n",
    "            \"\"\"\n",
    "            for i, image_name in enumerate(tqdm(image_files, desc=\"Loading images, just a moment...\")):\n",
    "                self.left_images.append(cv2.imread(filepath+\"image_0/\"+image_name, cv2.IMREAD_GRAYSCALE))\n",
    "                self.right_images.append(cv2.imread(filepath+\"image_1/\"+image_name, cv2.IMREAD_GRAYSCALE))\n",
    "        \"\"\"   \n",
    "            \"\"\"\n",
    "        plt.figure(figsize=(10,5))\n",
    "        \n",
    "        plt.subplot(1,2,1)\n",
    "        plt.imshow(self.left_images[0], cmap=\"grey\")\n",
    "        plt.title(\"Immagine 1\")\n",
    "        plt.axis(\"off\")\n",
    "        plt.subplot(1,2,2)\n",
    "        plt.imshow(self.right_images[0], cmap=\"grey\")\n",
    "        plt.title(\"Immagine 2\")\n",
    "        plt.axis(\"off\")\n",
    "\n",
    "        plt.show()\n",
    "        \"\"\"\n",
    "\n",
    "    def getPoses(self, filepath):\n",
    "        df=pd.read_csv(filepath, delimiter=\" \", header=None)\n",
    "        self.poses=[]\n",
    "        for i in range(df.shape[0]):\n",
    "            arr=np.ascontiguousarray(df.loc[i].to_numpy())\n",
    "            arr.resize(3,4)\n",
    "            self.poses.append(arr)\n",
    "        #print(self.poses)\n",
    "    "
   ]
  },
  {
   "cell_type": "code",
   "execution_count": 81,
   "id": "0ad9650f-502f-4a5c-8559-76e1a90e14f5",
   "metadata": {},
   "outputs": [],
   "source": [
    "def compute_disparity_map(img_left,img_right,matcher=\"bm\", verbose=False):\n",
    "\n",
    "    sadwindow= 6\n",
    "    blockSize=11\n",
    "    numDisparities = sadwindow*16\n",
    "    matcher_name=matcher\n",
    "\n",
    "    if matcher_name == \"bm\":\n",
    "        matcher= cv2.StereoBM.create(numDisparities= numDisparities,\n",
    "                                    blockSize=blockSize)\n",
    "    elif matcher_name==\"sgbm\":\n",
    "        matcher= cv2.StereoSGBM.create(minDisparity=0,\n",
    "                                      numDisparities=numDisparities,\n",
    "                                      blockSize=blockSize,\n",
    "                                      P1=8*blockSize**2,\n",
    "                                      P2=32*blockSize**2,\n",
    "                                      mode= cv2.StereoSGBM_MODE_SGBM_3WAY)\n",
    "    else:\n",
    "        print(\"Not valid Matcher\")\n",
    "\n",
    "    #compute disparity map\n",
    "    if verbose:\n",
    "        import datetime\n",
    "        start=datetime.datetime.now()\n",
    "        disparity_map= matcher.compute(img_left,img_right).astype(np.float32)/16\n",
    "        end= datetime.datetime.now()\n",
    "        print(f\"Tempo impiegato da {matcher_name}:\\n{end-start}\")\n",
    "    else:\n",
    "        disparity_map= matcher.compute(img_left,img_right).astype(np.float32)/16\n",
    "    #plt.figure(figsize=(11,7))\n",
    "    #plt.imshow(disparity_map);\n",
    "\n",
    "    return disparity_map\n",
    "    \n",
    "\n"
   ]
  },
  {
   "cell_type": "code",
   "execution_count": 4,
   "id": "b943fe40-e5a4-4251-bfb1-876f9b605700",
   "metadata": {},
   "outputs": [],
   "source": [
    "def decomposeProjectionMatrix(P):\n",
    "    k, r, t, _, _, _,_= cv2.decomposeProjectionMatrix(P)\n",
    "    t=(t/t[3])[:3]\n",
    "    return k,r,t"
   ]
  },
  {
   "cell_type": "code",
   "execution_count": 41,
   "id": "73133260-0b78-4314-9154-da2a56873185",
   "metadata": {},
   "outputs": [],
   "source": [
    "def compute_depth_map(disparity, k_left, t_left, t_right, rectified= True):\n",
    "    if rectified:\n",
    "        b= t_right[0].round(4)-t_left[2]\n",
    "    else:\n",
    "        b= t_left[0]-t_right[2].round(4)\n",
    "    f= k_left[0][0]  # mi serve la fiocal length\n",
    "    disparity[disparity==0]=0.1  # disparity 0, very far objects or matching errors\n",
    "    disparity[disparity==-1]=0.1 #no valid correspondences found\n",
    "    \n",
    "    depth_map= np.zeros(disparity.shape)\n",
    "    depth_map= b*f/disparity\n",
    "\n",
    "    return depth_map"
   ]
  },
  {
   "cell_type": "code",
   "execution_count": 128,
   "id": "2d43d060-d03f-41d2-8830-5d731608c114",
   "metadata": {},
   "outputs": [],
   "source": [
    "def stereo_to_depth(img_left,img_right,P0,P1,matcher=\"bm\", verbose=False, rectification=True, mask=True):\n",
    "    #compute the disparity map\n",
    "    disparity= compute_disparity_map(img_left,img_right,verbose=True)\n",
    "\n",
    "    #compute k,r,t\n",
    "    k_left,r_left,t_left= decomposeProjectionMatrix(P0)\n",
    "    k_right,r_right,t_right= decomposeProjectionMatrix(P1)\n",
    "\n",
    "    #compute the depth map\n",
    "    depth= compute_depth_map(disparity, k_left, t_left, t_right, rectification)\n",
    "    #okkk\n",
    "\n",
    "    if mask:\n",
    "        mask=np.zeros(depth.shape, dtype=np.uint8)\n",
    "        xmax=depth.shape[1]\n",
    "        ymax=depth.shape[0]\n",
    "        cv2.rectangle(mask, (100,0), (xmax,ymax),(255), thickness=-1) #valore 100 trovato nel precedente for\n",
    "        return depth, mask\n",
    "\n",
    "    return depth\n",
    "    "
   ]
  },
  {
   "cell_type": "code",
   "execution_count": 84,
   "id": "d4358a68-d93e-4e87-8fc5-e2d55c84f4a0",
   "metadata": {},
   "outputs": [],
   "source": [
    "calib_path=\"KITTI_dataset/sequences/00/calib.txt\"\n",
    "images_path=\"KITTI_dataset/sequences/00/\"\n",
    "gtPoses_path=\"KITTI_dataset/poses/00.txt\"\n",
    "handler2 = Dataset_Handler(calib_path,images_path,gtPoses_path)"
   ]
  },
  {
   "cell_type": "code",
   "execution_count": 134,
   "id": "2c442559-48a3-4058-b1fd-d6c1258903f5",
   "metadata": {},
   "outputs": [],
   "source": [
    "def extract_features(img1,detector= \"orb\", verbose=False, mask=None):\n",
    "    \n",
    "    if detector== \"orb\":\n",
    "        det= cv2.ORB.create()\n",
    "    elif detector==\"sift\":\n",
    "        det= cv2.SIFT.create()\n",
    "    else:\n",
    "        print(\"Not valid detector\")\n",
    "\n",
    "    kp,des= det.detectAndCompute(img1, mask)\n",
    "    #print(kp)\n",
    "    #print(des)\n",
    "    \n",
    "    return kp, des"
   ]
  },
  {
   "cell_type": "code",
   "execution_count": 117,
   "id": "3de9f2cf-f300-4e84-afef-5b7a4f9ff9ab",
   "metadata": {},
   "outputs": [],
   "source": [
    "def match_features(des1,des2, matcher=\"BF\", detector=\"orb\", verbose=False):\n",
    "    if matcher== \"BF\":\n",
    "        if detector == \"orb\":\n",
    "            bf = cv2.BFMatcher.create(cv2.NORM_HAMMING, crossCheck=False)\n",
    "        elif detector== \"sift\":\n",
    "            bf = cv2.BFMatcher.create(cv2.NORM_L2, crossCheck=False)\n",
    "        else:\n",
    "            print(\"Not valid detector\")\n",
    "    elif matcher==\"FLANN\":\n",
    "        #WIP\n",
    "        pass\n",
    "    else:\n",
    "        print(\"Not valid matcher\")\n",
    "\n",
    "    matches= bf.knnMatch(des1,des2, k=2)\n",
    "\n",
    "    return matches\n",
    "\n",
    "\n",
    "        "
   ]
  },
  {
   "cell_type": "code",
   "execution_count": 10,
   "id": "627ed302-4bbd-41ba-8d06-2ab273de911d",
   "metadata": {},
   "outputs": [],
   "source": [
    "#ratio test\n",
    "def filter_matches(matches,threshold):\n",
    "    filter_matches=[]\n",
    "    for x, y in matches:\n",
    "        if x.distance <= y.distance*threshold:\n",
    "            filter_matches.append(x)\n",
    "    return filter_matches\n",
    "    "
   ]
  },
  {
   "cell_type": "code",
   "execution_count": 11,
   "id": "b193420c-7f52-4e8f-a29b-564ee8ed4a12",
   "metadata": {},
   "outputs": [],
   "source": [
    "def visualize_matches(img1,kp1,img2,kp2,matches, flags=2):\n",
    "    match_img= cv2.drawMatches(img1,kp1,img2,kp2,matches,None,flags, matchColor= (100,255,100))\n",
    "    plt.figure(figsize=(16,6),dpi=100)\n",
    "    plt.imshow(match_img)"
   ]
  },
  {
   "cell_type": "code",
   "execution_count": 163,
   "id": "506bee56-83de-4006-af48-d84a260ef461",
   "metadata": {},
   "outputs": [],
   "source": [
    "def estimate_motion(kp1,kp2,k,matches,depth, max_depth=3000):\n",
    "    #compute the image in pixel  \n",
    "    image_points1= [kp1[m.queryIdx].pt for m in matches]\n",
    "    image_points2= [kp2[m.trainIdx].pt for m in matches]\n",
    "\n",
    "    # extracting parameters from k\n",
    "    fx=k[0][0]\n",
    "    fy=k[1][1]\n",
    "    cx=k[0][2]\n",
    "    cy=k[1][2]\n",
    "\n",
    "    #converting interesting image_points1 from 2d to 3d\n",
    "    objects_list=np.zeros((0,3))\n",
    "    delete=[]\n",
    "\n",
    "    for i , (u,v) in enumerate(image_points1):\n",
    "        z= depth[int(round(v))][int(round(u))]\n",
    "\n",
    "        if z >= max_depth:\n",
    "            delete.append(i)\n",
    "            continue\n",
    "\n",
    "        x= z*(u-cx)/fx\n",
    "        y= z*(v-cy)/fy\n",
    "        objects_list= np.vstack([objects_list, np.array([x,y,z])])\n",
    "\n",
    "    image_points1= np.delete(image_points1, delete, 0)\n",
    "    image_points2= np.delete(image_points2, delete, 0)\n",
    "\n",
    "    _, rvec,tvec, inliers= cv2.solvePnPRansac(objects_list, image_points2, k, None)\n",
    "    rvec = cv2.Rodrigues(rvec)[0]\n",
    "    \n",
    "    return rvec, tvec\n",
    "\n",
    "    "
   ]
  },
  {
   "cell_type": "code",
   "execution_count": 175,
   "id": "0bcecad8-6b39-44d5-8ca7-9197ff8920e1",
   "metadata": {},
   "outputs": [],
   "source": [
    "def visual_odometry(handler, stereo_matcher=\"bm\", detector= \"orb\", matcher=\"BF\", filter_threshold=None, mask= True, \n",
    "                    verbose=False, plot=False):\n",
    "    print(f\"Computing disparityMap with stereo_matcher : {stereo_matcher}\")\n",
    "    print(f\"Detecting features with detector {detector}\")\n",
    "    print(f\"Matching features with {matcher} and filtered with ratio test at threshold : {filter_threshold}\")\n",
    "\n",
    "    if plot:\n",
    "        fig = plt.figure(figsize=(14, 14))\n",
    "        ax = fig.add_subplot(projection='3d')\n",
    "        ax.view_init(elev=-20, azim=270) # modify the view, only to see the trajectory in a better way\n",
    "        xs = np.array(handler.poses)[:, 0, 3]\n",
    "        ys = np.array(handler.poses)[:, 1, 3]\n",
    "        zs = np.array(handler.poses)[:, 2, 3]\n",
    "        ax.set_box_aspect((np.ptp(xs), np.ptp(ys), np.ptp(zs))) # less distortion in axes, only for view\n",
    "        # Inizia il tracciamento della traiettoria\n",
    "        trajectory_line, = ax.plot(xs, ys, zs, c='k', label='Traiettoria')\n",
    "        plt.show(block=False)\n",
    "        \n",
    "    num_frames= handler.num_frames\n",
    "    \n",
    "    k_left,r_left,t_left = decomposeProjectionMatrix(handler.P0)\n",
    "\n",
    "    trajectory=np.zeros((num_frames, 3,4))\n",
    "    #print(trajectory)\n",
    "    T_tot=np.eye(4)\n",
    "    trajectory[0]=(T_tot[:3,:])\n",
    "\n",
    "    #Compute the trajectory for every frame\n",
    "    for i in range(num_frames-1):\n",
    "        start=datetime.datetime.now()\n",
    "        \n",
    "        left_img=handler.left_images[i]\n",
    "        right_img=handler.right_images[i]\n",
    "        left_imgplus1=handler.left_images[i+1]\n",
    "\n",
    "        depth, maskValue = stereo_to_depth(left_img, right_img, handler.P0, handler.P1, mask=mask)\n",
    "        #\n",
    "        kp0,des0 = extract_features(left_img)\n",
    "        kp1,des1 = extract_features(left_imgplus1)\n",
    "\n",
    "        #okk\n",
    "\n",
    "        unmatched_features= match_features(des0,des1)\n",
    "\n",
    "        print(f\"Numero features senza filtering: {len(unmatched_features)}\")\n",
    "\n",
    "        if filter_threshold is not None :\n",
    "            matched_features=filter_matches(unmatched_features, filter_threshold)\n",
    "        else:\n",
    "            matched_features= unmatched_features #problem : list of 2-element list, ransac doesn't want it\n",
    "\n",
    "        print(f\"Numero features con filtering: {len(matched_features)}\")\n",
    "        #okk\n",
    "        \n",
    "        rvec,tvec= estimate_motion(kp0,kp1,k_left, matched_features, depth)\n",
    "        \n",
    "        #computing the transformation matrix [rvec| tvec]\n",
    "        T_mat= np.hstack([rvec,tvec])\n",
    "\n",
    "        #computing the homogeneous transformation matrix, so then I can invert it\n",
    "        T_mat=np.vstack([T_mat, [0,0,0,1]])\n",
    "\n",
    "        #inverting the transformation matrix\n",
    "        T_mat=np.linalg.inv(T_mat)\n",
    "\n",
    "        T_tot = T_tot.dot(T_mat)\n",
    "\n",
    "        #appending T_tot into trajectory\n",
    "\n",
    "        trajectory[i+1, :, :] = T_tot[:3][:]\n",
    "        end=datetime.datetime.now()\n",
    "        print(f\"Frame {i+1} processato. Tempo trascorso: {end-start}\")\n",
    "\n",
    "        print(f\"\\n {trajectory[i+1,:,:].round(4)}\\n\\n\\n\")\n",
    "\n",
    "        if plot:\n",
    "            xs = trajectory[:i+2, 0, 3]\n",
    "            ys = trajectory[:i+2, 1, 3]\n",
    "            zs = trajectory[:i+2, 2, 3]\n",
    "            # Aggiornare la traiettoria esistente nella finestra separata\n",
    "            trajectory_line.set_data(xs, ys)\n",
    "            trajectory_line.set_3d_properties(zs)\n",
    "            plt.pause(1e-32)\n",
    "\n",
    "    if plot:\n",
    "        plt.close()\n",
    "\n",
    "    return trajectory\n",
    "        \n",
    "    "
   ]
  },
  {
   "cell_type": "code",
   "execution_count": 176,
   "id": "5a224a2f-5b11-4957-b693-d8267903822a",
   "metadata": {
    "scrolled": true
   },
   "outputs": [
    {
     "name": "stdout",
     "output_type": "stream",
     "text": [
      "Computing disparityMap with stereo_matcher : bm\n",
      "Detecting features with detector orb\n",
      "Matching features with BF and filtered with ratio test at threshold : 0.3\n",
      "Tempo impiegato da bm:\n",
      "0:00:00.010821\n",
      "Numero features senza filtering: 500\n",
      "Numero features con filtering: 21\n",
      "Frame 1 processato. Tempo trascorso: 0:00:00.032761\n",
      "\n",
      " [[ 1.     -0.0025 -0.0036  0.0157]\n",
      " [ 0.0025  1.     -0.0025  0.003 ]\n",
      " [ 0.0036  0.0025  1.      0.6927]]\n",
      "\n",
      "\n",
      "\n",
      "Tempo impiegato da bm:\n",
      "0:00:00.011314\n",
      "Numero features senza filtering: 500\n",
      "Numero features con filtering: 28\n",
      "Frame 2 processato. Tempo trascorso: 0:00:00.032444\n",
      "\n",
      " [[ 1.     -0.0018 -0.0075 -0.0113]\n",
      " [ 0.0018  1.     -0.0026 -0.0401]\n",
      " [ 0.0075  0.0026  1.      1.2943]]\n",
      "\n",
      "\n",
      "\n",
      "Tempo impiegato da bm:\n",
      "0:00:00.021218\n",
      "Numero features senza filtering: 500\n",
      "Numero features con filtering: 37\n",
      "Frame 3 processato. Tempo trascorso: 0:00:00.058331\n",
      "\n",
      " [[ 9.9990e-01 -1.9000e-03 -1.0500e-02 -3.8600e-02]\n",
      " [ 1.9000e-03  1.0000e+00 -3.5000e-03 -6.0200e-02]\n",
      " [ 1.0500e-02  3.5000e-03  9.9990e-01  2.0324e+00]]\n",
      "\n",
      "\n",
      "\n",
      "Tempo impiegato da bm:\n",
      "0:00:00.016662\n",
      "Numero features senza filtering: 500\n",
      "Numero features con filtering: 21\n",
      "Frame 4 processato. Tempo trascorso: 0:00:00.059850\n",
      "\n",
      " [[ 9.9990e-01 -9.0000e-04 -1.5700e-02 -5.3200e-02]\n",
      " [ 9.0000e-04  1.0000e+00 -3.7000e-03 -8.5000e-02]\n",
      " [ 1.5700e-02  3.7000e-03  9.9990e-01  2.7418e+00]]\n",
      "\n",
      "\n",
      "\n",
      "Tempo impiegato da bm:\n",
      "0:00:00.010184\n",
      "Numero features senza filtering: 500\n",
      "Numero features con filtering: 24\n",
      "Frame 5 processato. Tempo trascorso: 0:00:00.065435\n",
      "\n",
      " [[ 9.9980e-01 -1.4000e-03 -1.9600e-02 -8.6000e-02]\n",
      " [ 1.3000e-03  1.0000e+00 -4.1000e-03 -8.3900e-02]\n",
      " [ 1.9600e-02  4.1000e-03  9.9980e-01  3.4625e+00]]\n",
      "\n",
      "\n",
      "\n",
      "Tempo impiegato da bm:\n",
      "0:00:00.023987\n",
      "Numero features senza filtering: 500\n",
      "Numero features con filtering: 19\n",
      "Frame 6 processato. Tempo trascorso: 0:00:00.062997\n",
      "\n",
      " [[ 9.9970e-01  4.0000e-03 -2.2800e-02 -1.4450e-01]\n",
      " [-4.1000e-03  1.0000e+00 -4.6000e-03 -1.5450e-01]\n",
      " [ 2.2800e-02  4.7000e-03  9.9970e-01  4.2735e+00]]\n",
      "\n",
      "\n",
      "\n",
      "Tempo impiegato da bm:\n",
      "0:00:00.020373\n",
      "Numero features senza filtering: 500\n",
      "Numero features con filtering: 14\n",
      "Frame 7 processato. Tempo trascorso: 0:00:00.066909\n",
      "\n",
      " [[ 0.9996  0.008  -0.0275 -0.1908]\n",
      " [-0.0081  1.     -0.0057 -0.137 ]\n",
      " [ 0.0275  0.0059  0.9996  5.0319]]\n",
      "\n",
      "\n",
      "\n",
      "Tempo impiegato da bm:\n",
      "0:00:00.015907\n",
      "Numero features senza filtering: 500\n",
      "Numero features con filtering: 17\n",
      "Frame 8 processato. Tempo trascorso: 0:00:00.029858\n",
      "\n",
      " [[ 9.9950e-01  7.2000e-03 -3.0600e-02 -2.7440e-01]\n",
      " [-7.3000e-03  1.0000e+00 -3.7000e-03 -1.3830e-01]\n",
      " [ 3.0500e-02  3.9000e-03  9.9950e-01  5.8552e+00]]\n",
      "\n",
      "\n",
      "\n",
      "Tempo impiegato da bm:\n",
      "0:00:00.020052\n",
      "Numero features senza filtering: 500\n",
      "Numero features con filtering: 21\n",
      "Frame 9 processato. Tempo trascorso: 0:00:00.032071\n",
      "\n",
      " [[ 9.9940e-01  3.2000e-03 -3.4800e-02 -3.3730e-01]\n",
      " [-3.2000e-03  1.0000e+00 -2.0000e-04 -1.5430e-01]\n",
      " [ 3.4800e-02  3.0000e-04  9.9940e-01  6.6806e+00]]\n",
      "\n",
      "\n",
      "\n",
      "Tempo impiegato da bm:\n",
      "0:00:00.032811\n",
      "Numero features senza filtering: 500\n",
      "Numero features con filtering: 22\n",
      "Frame 10 processato. Tempo trascorso: 0:00:00.055456\n",
      "\n",
      " [[ 9.9930e-01  2.2000e-03 -3.7700e-02 -4.2410e-01]\n",
      " [-2.1000e-03  1.0000e+00  2.5000e-03 -1.5990e-01]\n",
      " [ 3.7700e-02 -2.4000e-03  9.9930e-01  7.5449e+00]]\n",
      "\n",
      "\n",
      "\n",
      "Tempo impiegato da bm:\n",
      "0:00:00.018888\n",
      "Numero features senza filtering: 500\n",
      "Numero features con filtering: 38\n",
      "Frame 11 processato. Tempo trascorso: 0:00:00.046711\n",
      "\n",
      " [[ 9.9920e-01  3.3000e-03 -4.0200e-02 -4.7420e-01]\n",
      " [-3.2000e-03  1.0000e+00  2.2000e-03 -1.7790e-01]\n",
      " [ 4.0300e-02 -2.0000e-03  9.9920e-01  8.3456e+00]]\n",
      "\n",
      "\n",
      "\n",
      "Tempo impiegato da bm:\n",
      "0:00:00.010905\n",
      "Numero features senza filtering: 500\n",
      "Numero features con filtering: 30\n",
      "Frame 12 processato. Tempo trascorso: 0:00:00.050695\n",
      "\n",
      " [[ 9.9910e-01  1.2000e-03 -4.2600e-02 -5.0030e-01]\n",
      " [-1.1000e-03  1.0000e+00  2.4000e-03 -1.8550e-01]\n",
      " [ 4.2600e-02 -2.3000e-03  9.9910e-01  9.1156e+00]]\n",
      "\n",
      "\n",
      "\n",
      "Tempo impiegato da bm:\n",
      "0:00:00.013395\n",
      "Numero features senza filtering: 500\n",
      "Numero features con filtering: 26\n",
      "Frame 13 processato. Tempo trascorso: 0:00:00.052348\n",
      "\n",
      " [[ 9.9900e-01 -1.8000e-03 -4.3800e-02 -5.5820e-01]\n",
      " [ 1.9000e-03  1.0000e+00  2.2000e-03 -1.9880e-01]\n",
      " [ 4.3800e-02 -2.3000e-03  9.9900e-01  9.9588e+00]]\n",
      "\n",
      "\n",
      "\n",
      "Tempo impiegato da bm:\n",
      "0:00:00.010022\n",
      "Numero features senza filtering: 500\n",
      "Numero features con filtering: 17\n",
      "Frame 14 processato. Tempo trascorso: 0:00:00.023711\n",
      "\n",
      " [[ 9.98900e-01 -2.50000e-03 -4.63000e-02 -5.63100e-01]\n",
      " [ 2.70000e-03  1.00000e+00  3.20000e-03 -2.00200e-01]\n",
      " [ 4.63000e-02 -3.30000e-03  9.98900e-01  1.07329e+01]]\n",
      "\n",
      "\n",
      "\n",
      "Tempo impiegato da bm:\n",
      "0:00:00.030247\n",
      "Numero features senza filtering: 500\n",
      "Numero features con filtering: 39\n",
      "Frame 15 processato. Tempo trascorso: 0:00:00.061596\n",
      "\n",
      " [[ 9.9890e-01 -2.0000e-03 -4.7200e-02 -6.3200e-01]\n",
      " [ 2.2000e-03  1.0000e+00  3.0000e-03 -2.1450e-01]\n",
      " [ 4.7200e-02 -3.1000e-03  9.9890e-01  1.1612e+01]]\n",
      "\n",
      "\n",
      "\n",
      "Tempo impiegato da bm:\n",
      "0:00:00.020968\n",
      "Numero features senza filtering: 500\n",
      "Numero features con filtering: 26\n",
      "Frame 16 processato. Tempo trascorso: 0:00:00.054099\n",
      "\n",
      " [[ 9.9880e-01  2.9000e-03 -4.8700e-02 -6.7890e-01]\n",
      " [-2.8000e-03  1.0000e+00  4.0000e-04 -2.2250e-01]\n",
      " [ 4.8700e-02 -3.0000e-04  9.9880e-01  1.2436e+01]]\n",
      "\n",
      "\n",
      "\n",
      "Tempo impiegato da bm:\n",
      "0:00:00.008856\n",
      "Numero features senza filtering: 500\n",
      "Numero features con filtering: 30\n",
      "Frame 17 processato. Tempo trascorso: 0:00:00.062087\n",
      "\n",
      " [[ 9.98800e-01  5.00000e-03 -4.97000e-02 -7.44200e-01]\n",
      " [-5.10000e-03  1.00000e+00 -2.10000e-03 -2.52000e-01]\n",
      " [ 4.96000e-02  2.40000e-03  9.98800e-01  1.33397e+01]]\n",
      "\n",
      "\n",
      "\n",
      "Tempo impiegato da bm:\n",
      "0:00:00.018440\n",
      "Numero features senza filtering: 500\n",
      "Numero features con filtering: 20\n",
      "Frame 18 processato. Tempo trascorso: 0:00:00.070067\n",
      "\n",
      " [[ 9.98600e-01  6.80000e-03 -5.23000e-02 -7.43400e-01]\n",
      " [-7.00000e-03  1.00000e+00 -3.20000e-03 -2.60700e-01]\n",
      " [ 5.23000e-02  3.50000e-03  9.98600e-01  1.41637e+01]]\n",
      "\n",
      "\n",
      "\n",
      "Tempo impiegato da bm:\n",
      "0:00:00.015146\n",
      "Numero features senza filtering: 500\n",
      "Numero features con filtering: 30\n",
      "Frame 19 processato. Tempo trascorso: 0:00:00.043154\n",
      "\n",
      " [[ 9.98600e-01  6.30000e-03 -5.31000e-02 -8.39500e-01]\n",
      " [-6.50000e-03  1.00000e+00 -3.10000e-03 -2.58800e-01]\n",
      " [ 5.31000e-02  3.40000e-03  9.98600e-01  1.51169e+01]]\n",
      "\n",
      "\n",
      "\n",
      "Tempo impiegato da bm:\n",
      "0:00:00.010164\n",
      "Numero features senza filtering: 500\n",
      "Numero features con filtering: 18\n",
      "Frame 20 processato. Tempo trascorso: 0:00:00.054534\n",
      "\n",
      " [[ 9.98500e-01  3.80000e-03 -5.41000e-02 -9.18400e-01]\n",
      " [-3.90000e-03  1.00000e+00 -1.40000e-03 -2.79500e-01]\n",
      " [ 5.40000e-02  1.60000e-03  9.98500e-01  1.59723e+01]]\n",
      "\n",
      "\n",
      "\n",
      "Tempo impiegato da bm:\n",
      "0:00:00.011973\n",
      "Numero features senza filtering: 500\n",
      "Numero features con filtering: 33\n",
      "Frame 21 processato. Tempo trascorso: 0:00:00.034068\n",
      "\n",
      " [[ 9.98500e-01  3.60000e-03 -5.47000e-02 -1.04090e+00]\n",
      " [-3.60000e-03  1.00000e+00  2.00000e-04 -2.89400e-01]\n",
      " [ 5.47000e-02  0.00000e+00  9.98500e-01  1.69586e+01]]\n",
      "\n",
      "\n",
      "\n",
      "Tempo impiegato da bm:\n",
      "0:00:00.010667\n",
      "Numero features senza filtering: 500\n",
      "Numero features con filtering: 29\n",
      "Frame 22 processato. Tempo trascorso: 0:00:00.033663\n",
      "\n",
      " [[ 9.98500e-01  1.00000e-03 -5.52000e-02 -1.14760e+00]\n",
      " [-1.00000e-03  1.00000e+00  1.00000e-04 -2.79100e-01]\n",
      " [ 5.52000e-02 -1.00000e-04  9.98500e-01  1.79224e+01]]\n",
      "\n",
      "\n",
      "\n",
      "Tempo impiegato da bm:\n",
      "0:00:00.021636\n",
      "Numero features senza filtering: 500\n",
      "Numero features con filtering: 18\n",
      "Frame 23 processato. Tempo trascorso: 0:00:00.046220\n",
      "\n",
      " [[ 9.98400e-01 -1.00000e-04 -5.64000e-02 -1.22680e+00]\n",
      " [ 0.00000e+00  1.00000e+00 -7.00000e-04 -2.73600e-01]\n",
      " [ 5.64000e-02  6.00000e-04  9.98400e-01  1.88027e+01]]\n",
      "\n",
      "\n",
      "\n",
      "Tempo impiegato da bm:\n",
      "0:00:00.013676\n",
      "Numero features senza filtering: 500\n",
      "Numero features con filtering: 23\n",
      "Frame 24 processato. Tempo trascorso: 0:00:00.047479\n",
      "\n",
      " [[ 9.98400e-01 -1.30000e-03 -5.61000e-02 -1.37210e+00]\n",
      " [ 1.30000e-03  1.00000e+00 -1.20000e-03 -2.76700e-01]\n",
      " [ 5.61000e-02  1.10000e-03  9.98400e-01  1.98174e+01]]\n",
      "\n",
      "\n",
      "\n",
      "Tempo impiegato da bm:\n",
      "0:00:00.023091\n",
      "Numero features senza filtering: 500\n",
      "Numero features con filtering: 16\n",
      "Frame 25 processato. Tempo trascorso: 0:00:00.049444\n",
      "\n",
      " [[ 9.98400e-01 -9.00000e-04 -5.66000e-02 -1.43740e+00]\n",
      " [ 9.00000e-04  1.00000e+00 -1.00000e-04 -2.67200e-01]\n",
      " [ 5.66000e-02  1.00000e-04  9.98400e-01  2.07769e+01]]\n",
      "\n",
      "\n",
      "\n",
      "Tempo impiegato da bm:\n",
      "0:00:00.008927\n",
      "Numero features senza filtering: 500\n",
      "Numero features con filtering: 16\n",
      "Frame 26 processato. Tempo trascorso: 0:00:00.040255\n",
      "\n",
      " [[ 9.98500e-01  4.00000e-04 -5.54000e-02 -1.54320e+00]\n",
      " [-2.00000e-04  1.00000e+00  3.40000e-03 -2.87400e-01]\n",
      " [ 5.54000e-02 -3.40000e-03  9.98500e-01  2.16773e+01]]\n",
      "\n",
      "\n",
      "\n",
      "Tempo impiegato da bm:\n",
      "0:00:00.015500\n",
      "Numero features senza filtering: 500\n",
      "Numero features con filtering: 22\n",
      "Frame 27 processato. Tempo trascorso: 0:00:00.061530\n",
      "\n",
      " [[ 9.98500e-01  2.10000e-03 -5.43000e-02 -1.63560e+00]\n",
      " [-1.70000e-03  1.00000e+00  6.70000e-03 -2.86800e-01]\n",
      " [ 5.43000e-02 -6.60000e-03  9.98500e-01  2.26575e+01]]\n",
      "\n",
      "\n",
      "\n",
      "Tempo impiegato da bm:\n",
      "0:00:00.015629\n",
      "Numero features senza filtering: 500\n",
      "Numero features con filtering: 23\n",
      "Frame 28 processato. Tempo trascorso: 0:00:00.057530\n",
      "\n",
      " [[ 9.98600e-01 -7.80000e-03 -5.16000e-02 -1.80860e+00]\n",
      " [ 8.30000e-03  9.99900e-01  1.00000e-02 -2.40100e-01]\n",
      " [ 5.15000e-02 -1.05000e-02  9.98600e-01  2.38267e+01]]\n",
      "\n",
      "\n",
      "\n",
      "Tempo impiegato da bm:\n",
      "0:00:00.006320\n",
      "Numero features senza filtering: 500\n",
      "Numero features con filtering: 20\n",
      "Frame 29 processato. Tempo trascorso: 0:00:00.043808\n",
      "\n",
      " [[ 9.98700e-01 -6.40000e-03 -5.05000e-02 -1.81460e+00]\n",
      " [ 7.00000e-03  9.99900e-01  1.08000e-02 -2.70600e-01]\n",
      " [ 5.04000e-02 -1.12000e-02  9.98700e-01  2.46719e+01]]\n",
      "\n",
      "\n",
      "\n",
      "Tempo impiegato da bm:\n",
      "0:00:00.015101\n",
      "Numero features senza filtering: 500\n",
      "Numero features con filtering: 28\n",
      "Frame 30 processato. Tempo trascorso: 0:00:00.036070\n",
      "\n",
      " [[ 9.98800e-01 -7.50000e-03 -4.74000e-02 -1.86360e+00]\n",
      " [ 8.00000e-03  9.99900e-01  8.80000e-03 -2.81300e-01]\n",
      " [ 4.73000e-02 -9.20000e-03  9.98800e-01  2.49497e+01]]\n",
      "\n",
      "\n",
      "\n",
      "Tempo impiegato da bm:\n",
      "0:00:00.014799\n",
      "Numero features senza filtering: 500\n",
      "Numero features con filtering: 23\n",
      "Frame 31 processato. Tempo trascorso: 0:00:00.032434\n",
      "\n",
      " [[ 9.98900e-01 -6.20000e-03 -4.62000e-02 -1.94510e+00]\n",
      " [ 6.30000e-03  1.00000e+00  3.30000e-03 -2.72800e-01]\n",
      " [ 4.62000e-02 -3.60000e-03  9.98900e-01  2.59402e+01]]\n",
      "\n",
      "\n",
      "\n",
      "Tempo impiegato da bm:\n",
      "0:00:00.016864\n",
      "Numero features senza filtering: 500\n",
      "Numero features con filtering: 21\n",
      "Frame 32 processato. Tempo trascorso: 0:00:00.040058\n",
      "\n",
      " [[ 9.99000e-01 -8.20000e-03 -4.48000e-02 -2.00410e+00]\n",
      " [ 8.30000e-03  1.00000e+00  6.00000e-04 -2.82900e-01]\n",
      " [ 4.48000e-02 -1.00000e-03  9.99000e-01  2.68241e+01]]\n",
      "\n",
      "\n",
      "\n",
      "Tempo impiegato da bm:\n",
      "0:00:00.010483\n",
      "Numero features senza filtering: 500\n",
      "Numero features con filtering: 23\n",
      "Frame 33 processato. Tempo trascorso: 0:00:00.043355\n",
      "\n",
      " [[ 9.98900e-01 -1.06000e-02 -4.46000e-02 -2.01430e+00]\n",
      " [ 1.06000e-02  9.99900e-01  1.30000e-03 -2.86800e-01]\n",
      " [ 4.46000e-02 -1.80000e-03  9.99000e-01  2.77388e+01]]\n",
      "\n",
      "\n",
      "\n",
      "Tempo impiegato da bm:\n",
      "0:00:00.014774\n",
      "Numero features senza filtering: 500\n",
      "Numero features con filtering: 20\n",
      "Frame 34 processato. Tempo trascorso: 0:00:00.037832\n",
      "\n",
      " [[ 9.98900e-01 -9.10000e-03 -4.54000e-02 -1.99880e+00]\n",
      " [ 9.40000e-03  9.99900e-01  6.40000e-03 -3.27200e-01]\n",
      " [ 4.54000e-02 -6.80000e-03  9.98900e-01  2.86826e+01]]\n",
      "\n",
      "\n",
      "\n",
      "Tempo impiegato da bm:\n",
      "0:00:00.016705\n",
      "Numero features senza filtering: 500\n",
      "Numero features con filtering: 25\n",
      "Frame 35 processato. Tempo trascorso: 0:00:00.037706\n",
      "\n",
      " [[ 9.98800e-01 -1.36000e-02 -4.62000e-02 -2.04490e+00]\n",
      " [ 1.41000e-02  9.99800e-01  1.01000e-02 -3.43300e-01]\n",
      " [ 4.60000e-02 -1.07000e-02  9.98900e-01  2.96362e+01]]\n",
      "\n",
      "\n",
      "\n",
      "Tempo impiegato da bm:\n",
      "0:00:00.007493\n",
      "Numero features senza filtering: 500\n",
      "Numero features con filtering: 28\n",
      "Frame 36 processato. Tempo trascorso: 0:00:00.036679\n",
      "\n",
      " [[ 9.98700e-01 -2.04000e-02 -4.62000e-02 -2.13010e+00]\n",
      " [ 2.09000e-02  9.99700e-01  9.50000e-03 -3.59900e-01]\n",
      " [ 4.60000e-02 -1.05000e-02  9.98900e-01  3.06291e+01]]\n",
      "\n",
      "\n",
      "\n",
      "Tempo impiegato da bm:\n",
      "0:00:00.014185\n",
      "Numero features senza filtering: 500\n",
      "Numero features con filtering: 29\n",
      "Frame 37 processato. Tempo trascorso: 0:00:00.037232\n",
      "\n",
      " [[ 9.9860e-01 -2.3600e-02 -4.7600e-02 -2.2082e+00]\n",
      " [ 2.3800e-02  9.9970e-01  5.2000e-03 -3.3540e-01]\n",
      " [ 4.7500e-02 -6.3000e-03  9.9890e-01  3.1569e+01]]\n",
      "\n",
      "\n",
      "\n",
      "Tempo impiegato da bm:\n",
      "0:00:00.016937\n",
      "Numero features senza filtering: 500\n",
      "Numero features con filtering: 29\n",
      "Frame 38 processato. Tempo trascorso: 0:00:00.051765\n",
      "\n",
      " [[ 9.98500e-01 -2.29000e-02 -4.89000e-02 -2.27400e+00]\n",
      " [ 2.30000e-02  9.99700e-01  1.50000e-03 -3.54400e-01]\n",
      " [ 4.89000e-02 -2.70000e-03  9.98800e-01  3.25532e+01]]\n",
      "\n",
      "\n",
      "\n",
      "Tempo impiegato da bm:\n",
      "0:00:00.013519\n",
      "Numero features senza filtering: 500\n",
      "Numero features con filtering: 26\n",
      "Frame 39 processato. Tempo trascorso: 0:00:00.032137\n",
      "\n",
      " [[ 9.98500e-01 -2.13000e-02 -5.06000e-02 -2.35210e+00]\n",
      " [ 2.14000e-02  9.99800e-01  1.30000e-03 -3.79900e-01]\n",
      " [ 5.05000e-02 -2.40000e-03  9.98700e-01  3.35393e+01]]\n",
      "\n",
      "\n",
      "\n",
      "Tempo impiegato da bm:\n",
      "0:00:00.013909\n",
      "Numero features senza filtering: 500\n",
      "Numero features con filtering: 35\n",
      "Frame 40 processato. Tempo trascorso: 0:00:00.043499\n",
      "\n",
      " [[ 9.98500e-01 -2.12000e-02 -5.09000e-02 -2.40320e+00]\n",
      " [ 2.13000e-02  9.99800e-01  2.30000e-03 -3.63100e-01]\n",
      " [ 5.08000e-02 -3.30000e-03  9.98700e-01  3.44873e+01]]\n",
      "\n",
      "\n",
      "\n",
      "Tempo impiegato da bm:\n",
      "0:00:00.015983\n",
      "Numero features senza filtering: 500\n",
      "Numero features con filtering: 23\n",
      "Frame 41 processato. Tempo trascorso: 0:00:00.065053\n",
      "\n",
      " [[ 9.98400e-01 -1.93000e-02 -5.23000e-02 -2.45940e+00]\n",
      " [ 1.96000e-02  9.99800e-01  5.30000e-03 -3.64500e-01]\n",
      " [ 5.21000e-02 -6.30000e-03  9.98600e-01  3.54513e+01]]\n",
      "\n",
      "\n",
      "\n",
      "Tempo impiegato da bm:\n",
      "0:00:00.019792\n",
      "Numero features senza filtering: 500\n",
      "Numero features con filtering: 27\n",
      "Frame 42 processato. Tempo trascorso: 0:00:00.038965\n",
      "\n",
      " [[ 9.98300e-01 -1.57000e-02 -5.54000e-02 -2.42330e+00]\n",
      " [ 1.61000e-02  9.99800e-01  6.80000e-03 -4.07000e-01]\n",
      " [ 5.53000e-02 -7.70000e-03  9.98400e-01  3.64072e+01]]\n",
      "\n",
      "\n",
      "\n",
      "Tempo impiegato da bm:\n",
      "0:00:00.015869\n",
      "Numero features senza filtering: 500\n",
      "Numero features con filtering: 30\n",
      "Frame 43 processato. Tempo trascorso: 0:00:00.038991\n",
      "\n",
      " [[ 9.98300e-01 -1.05000e-02 -5.70000e-02 -2.40840e+00]\n",
      " [ 1.11000e-02  9.99900e-01  9.80000e-03 -4.55100e-01]\n",
      " [ 5.69000e-02 -1.04000e-02  9.98300e-01  3.72112e+01]]\n",
      "\n",
      "\n",
      "\n",
      "Tempo impiegato da bm:\n",
      "0:00:00.012505\n",
      "Numero features senza filtering: 500\n",
      "Numero features con filtering: 32\n",
      "Frame 44 processato. Tempo trascorso: 0:00:00.035929\n",
      "\n",
      " [[ 9.98300e-01 -8.00000e-03 -5.80000e-02 -2.39280e+00]\n",
      " [ 8.80000e-03  9.99900e-01  1.35000e-02 -5.09800e-01]\n",
      " [ 5.79000e-02 -1.40000e-02  9.98200e-01  3.81437e+01]]\n",
      "\n",
      "\n",
      "\n",
      "Tempo impiegato da bm:\n",
      "0:00:00.012232\n",
      "Numero features senza filtering: 500\n",
      "Numero features con filtering: 39\n",
      "Frame 45 processato. Tempo trascorso: 0:00:00.039392\n",
      "\n",
      " [[ 9.9830e-01 -1.5000e-03 -5.8900e-02 -2.4434e+00]\n",
      " [ 2.4000e-03  9.9990e-01  1.6100e-02 -5.2750e-01]\n",
      " [ 5.8900e-02 -1.6200e-02  9.9810e-01  3.9105e+01]]\n",
      "\n",
      "\n",
      "\n",
      "Tempo impiegato da bm:\n",
      "0:00:00.012581\n",
      "Numero features senza filtering: 500\n",
      "Numero features con filtering: 29\n",
      "Frame 46 processato. Tempo trascorso: 0:00:00.040341\n",
      "\n",
      " [[ 9.98200e-01 -1.40000e-03 -5.94000e-02 -2.50220e+00]\n",
      " [ 2.30000e-03  9.99900e-01  1.59000e-02 -5.37800e-01]\n",
      " [ 5.94000e-02 -1.60000e-02  9.98100e-01  4.01117e+01]]\n",
      "\n",
      "\n",
      "\n",
      "Tempo impiegato da bm:\n",
      "0:00:00.017887\n",
      "Numero features senza filtering: 500\n",
      "Numero features con filtering: 28\n",
      "Frame 47 processato. Tempo trascorso: 0:00:00.054497\n",
      "\n",
      " [[ 9.98300e-01 -1.40000e-03 -5.89000e-02 -2.58310e+00]\n",
      " [ 2.20000e-03  9.99900e-01  1.40000e-02 -5.31200e-01]\n",
      " [ 5.89000e-02 -1.41000e-02  9.98200e-01  4.11409e+01]]\n",
      "\n",
      "\n",
      "\n",
      "Tempo impiegato da bm:\n",
      "0:00:00.021414\n",
      "Numero features senza filtering: 500\n",
      "Numero features con filtering: 33\n",
      "Frame 48 processato. Tempo trascorso: 0:00:00.055960\n",
      "\n",
      " [[ 9.98200e-01  1.10000e-03 -5.92000e-02 -2.63000e+00]\n",
      " [-4.00000e-04  9.99900e-01  1.23000e-02 -5.44900e-01]\n",
      " [ 5.92000e-02 -1.22000e-02  9.98200e-01  4.21125e+01]]\n",
      "\n",
      "\n",
      "\n",
      "Tempo impiegato da bm:\n",
      "0:00:00.016102\n",
      "Numero features senza filtering: 500\n",
      "Numero features con filtering: 40\n",
      "Frame 49 processato. Tempo trascorso: 0:00:00.044873\n",
      "\n",
      " [[ 9.98200e-01 -6.00000e-04 -5.98000e-02 -2.71120e+00]\n",
      " [ 1.30000e-03  9.99900e-01  1.21000e-02 -5.24000e-01]\n",
      " [ 5.98000e-02 -1.21000e-02  9.98100e-01  4.31154e+01]]\n",
      "\n",
      "\n",
      "\n",
      "Tempo impiegato da bm:\n",
      "0:00:00.018764\n",
      "Numero features senza filtering: 500\n",
      "Numero features con filtering: 31\n",
      "Frame 50 processato. Tempo trascorso: 0:00:00.043914\n",
      "\n",
      " [[ 9.98100e-01 -1.70000e-03 -6.12000e-02 -2.76390e+00]\n",
      " [ 2.50000e-03  9.99900e-01  1.32000e-02 -5.31400e-01]\n",
      " [ 6.11000e-02 -1.34000e-02  9.98000e-01  4.41078e+01]]\n",
      "\n",
      "\n",
      "\n",
      "Tempo impiegato da bm:\n",
      "0:00:00.014295\n",
      "Numero features senza filtering: 500\n",
      "Numero features con filtering: 34\n",
      "Frame 51 processato. Tempo trascorso: 0:00:00.049136\n",
      "\n",
